  1.000000000000000E-010   4556.00037994554     
  1.062604851164659E-002   4554.62731691311     
  2.125209692329317E-002   4550.51035965449     
  3.187814533493976E-002   4543.65619802025     
  4.250419374658634E-002   4534.07596340656     
  5.313024215823293E-002   4521.78520128779     
  6.375629056987951E-002   4506.80383288525     
  7.438233898152610E-002   4489.15610609652     
  8.500838739317268E-002   4468.87053584521     
  9.563443580481927E-002   4445.97983404174     
  0.106260484216466        4420.52082938187     
  0.116886532628112        4392.53437724113     
  0.127512581039759        4362.06525995126     
  0.138138629451406        4329.16207778325     
  0.148764677863052        4293.87713097978     
  0.159390726274699        4256.26629321536     
  0.170016774686345        4216.38887688645     
  0.180642823097992        4174.30749065554     
  0.191268871509639        4130.08788970020     
  0.201894919921285        4083.79881913719     
  0.212520968332932        4035.51185110834     
  0.223147016744578        3985.30121604067     
  0.233773065156225        3933.24362859768     
  0.244399113567872        3879.41810886083     
  0.255025161979518        3823.90579928863     
  0.265651210391165        3766.78977800963     
  0.276277258802811        3708.15486901393     
  0.286903307214458        3648.08744981418     
  0.297529355626104        3586.67525714708     
  0.308155404037751        3524.00719129138     
  0.318781452449398        3460.17311957483     
  0.329407500861044        3395.26367964088     
  0.340033549272691        3329.37008303994     
  0.350659597684337        3262.58391970370     
  0.361285646095984        3194.99696385316     
  0.371911694507631        3126.70098187704     
  0.382537742919277        3057.78754270873     
  0.393163791330924        2988.34783121274     
  0.403789839742570        2918.47246507601     
  0.414415888154217        2848.25131568425     
  0.425041936565863        2777.77333343994     
  0.435667984977510        2707.12637796325     
  0.446294033389157        2636.39705359079     
  0.456920081800803        2565.67055056772     
  0.467546130212450        2495.03049230275     
  0.478172178624096        2424.55878902945     
  0.488798227035743        2354.33549819528     
  0.499424275447390        2284.43869186792     
  0.510050323859036        2214.94433142584     
  0.520676372270683        2145.92614976802     
  0.531302420682329        2077.45554125339     
  0.541928469093976        2009.60145954817     
  0.552554517505622        1942.43032353297     
  0.563180565917269        1876.00593139336     
  0.573806614328916        1810.38938298423     
  0.584432662740562        1745.63901053617     
  0.595058711152209        1681.81031773842     
  0.605684759563855        1618.95592720758     
  0.616310807975502        1557.12553632290     
  0.626936856387149        1496.36588138248     
  0.637562904798795        1436.72071000802     
  0.648188953210442        1378.23076170045     
  0.658815001622088        1320.93375642453     
  0.669441050033735        1264.86439107601     
  0.680067098445381        1210.05434366273     
  0.690693146857028        1156.53228500992     
  0.701319195268675        1104.32389777801     
  0.711945243680321        1053.45190256361     
  0.722571292091968        1003.93609083562     
  0.733197340503615        955.793364440582     
  0.743823388915261        909.037781398814     
  0.754449437326908        863.680607695249     
  0.765075485738554        819.730374759074     
  0.775701534150201        777.192942313711     
  0.786327582561847        736.071566269232     
  0.796953630973494        696.366971320216     
  0.807579679385141        658.077427906697     
  0.818205727796787        621.198833187782     
  0.828831776208434        585.724795676644     
  0.839457824620080        551.646723179137     
  0.850083873031727        518.953913680626     
  0.860709921443374        487.633648822173     
  0.871335969855020        457.671289611341     
  0.881962018266667        429.050374013554     
  0.892588066678313        401.752716074574     
  0.903214115089960        375.758506229273     
  0.913840163501606        351.046412458414     
  0.924466211913253        327.593681961676     
  0.935092260324900        305.376243024139     
  0.945718308736546        284.368806761815     
  0.956344357148193        264.544968442374     
  0.966970405559839        245.877308088110     
  0.977596453971486        228.337490079615     
  0.988222502383133        211.896361491150     
  0.998848550794779        196.524048901543     
   1.00947459920643        182.190053438302     
   1.02010064761807        168.863343826448     
   1.03072669602972        156.512447227990     
   1.04135274444137        145.105537672985     
   1.05197879285301        134.610521898104     
   1.06260484126466        124.995122423932     
   1.07323088967631        116.226957717717     
   1.08385693808795        108.273619303869     
   1.09448298649960        101.102745699782     
   1.10510903491124        94.6820930705641     
   1.11573508332289        88.9796025109695     
   1.12636113173454        83.9634638785803     
   1.13698718014618        79.6021761169543     
   1.14761322855783        75.8646040223676     
   1.15823927696948        72.7200314217778     
   1.16886532538112        70.1382107440744     
   1.17949137379277        68.0894089799300     
   1.19011742220442        66.5444500386696     
   1.20074347061606        65.4747535233087     
   1.21136951902771        64.8523699568578     
   1.22199556743936        64.6500125044515     
   1.23262161585100        64.8410852467532     
   1.24324766426265        65.3997080703898     
   1.25387371267430        66.3007382508019     
   1.26449976108594        67.5197888116570     
   1.27512580949759        69.0332437534776     
   1.28575185790924        70.8182702516724     
   1.29637790632088        72.8528279309862     
   1.30700395473253        75.1156753296567     
   1.31763000314418        77.5863736720399     
   1.32825605155582        80.2452880733781     
   1.33888209996747        83.0735863043770     
   1.34950814837912        86.0532352468396     
   1.36013419679076        89.1669951742285     
   1.37076024520241        92.3984119933708     
   1.38138629361406        95.7318075848378     
   1.39201234202570        99.1522683803181     
   1.40263839043735        102.645632315922     
   1.41326443884900        106.198474299504     
   1.42389048726064        109.798090329761     
   1.43451653567229        113.432480402944     
   1.44514258408394        117.090330341549     
   1.45576863249558        120.760992676610     
   1.46639468090723        124.434466712617     
   1.47702072931888        128.101377900547     
   1.48764677773052        131.752956641327     
   1.49827282614217        135.381016637413     
   1.50889887455382        138.977932906297     
   1.51952492296546        142.536619565100     
   1.53015097137711        146.050507490170     
   1.54077701978876        149.513521950973     
   1.55140306820040        152.920060311848     
   1.56202911661205        156.264969889996     
   1.57265516502369        159.543526052302     
   1.58328121343534        162.751410627892     
   1.59390726184699        165.884690707688     
   1.60453331025863        168.939797896066     
   1.61515935867028        171.913508074241     
   1.62578540708193        174.802921728977     
   1.63641145549357        177.605444894128     
   1.64703750390522        180.318770747610     
   1.65766355231687        182.940861899415     
   1.66828960072851        185.469933402230     
   1.67891564914016        187.904436509457     
   1.68954169755181        190.243043201056     
   1.70016774596345        192.484631491905     
   1.71079379437510        194.628271532918     
   1.72141984278675        196.673212510025     
   1.73204589119839        198.618870341648     
   1.74267193961004        200.464816171348     
   1.75329798802169        202.210765647636     
   1.76392403643333        203.856568979503     
   1.77455008484498        205.402201752714     
   1.78517613325663        206.847756488085     
   1.79580218166827        208.193434920340     
   1.80642823007992        209.439540973255     
   1.81705427849157        210.586474403990     
   1.82768032690321        211.634725087489     
   1.83830637531486        212.584867909771     
   1.84893242372651        213.437558237006     
   1.85955847213815        214.193527926114     
   1.87018452054980        214.853581840972     
   1.88081056896145        215.418594837762     
   1.89143661737309        215.889509181947     
   1.90206266578474        216.267332359059     
   1.91268871419639        216.553135241105     
   1.92331476260803        216.748050570530     
   1.93394081101968        216.853271723585     
   1.94456685943133        216.870051715786     
   1.95519290784297        216.799702412117     
   1.96581895625462        216.643593906031     
   1.97644500466627        216.403154031893     
   1.98707105307791        216.079867976542     
   1.99769710148956        215.675277957241     
   2.00832314990121        215.190982934290     
   2.01894919831285        214.628638328448     
   2.02957524672450        213.989955714588     
   2.04020129513614        213.276702465042     
   2.05082734354779        212.490701317660     
   2.06145339195944        211.633829845655     
   2.07207944037108        210.708019808172     
   2.08270548878273        209.715256362496     
   2.09333153719438        208.657577120913     
   2.10395758560602        207.537071037226     
   2.11458363401767        206.355877110037     
   2.12520968242932        205.116182891944     
   2.13583573084096        203.820222795840     
   2.14646177925261        202.470276191733     
   2.15708782766426        201.068665289077     
   2.16771387607590        199.617752802265     
   2.17833992448755        198.119939398004     
   2.18896597289920        196.577660926119     
   2.19959202131084        194.993385436150     
   2.21021806972249        193.369609984776     
   2.22084411813414        191.708857240079     
   2.23147016654578        190.013671890566     
   2.24209621495743        188.286616868253     
   2.25272226336908        186.530269396650     
   2.26334831178072        184.747216875488     
   2.27397436019237        182.940052615644     
   2.28460040860402        181.111371438406     
   2.29522645701566        179.263765154474     
   2.30585250542731        177.399817938926     
   2.31647855383896        175.522101618969     
   2.32710460225060        173.633170892287     
   2.33773065066225        171.735558494017     
   2.34835669907390        169.831770330980     
   2.35898274748554        167.924280602111     
   2.36960879589719        166.015526924314     
   2.38023484430884        164.107905482837     
   2.39086089272048        162.203766225574     
   2.40148694113213        160.305408120450     
   2.41211298954378        158.415074494779     
   2.42273903795542        156.534948475440     
   2.43336508636707        154.667148547982     
   2.44399113477871        152.813724252689     
   2.45461718319036        150.976652034778     
   2.46524323160201        149.157831265454     
   2.47586928001365        147.359080449648     
   2.48649532842530        145.582133635759     
   2.49712137683695        143.828637041698     
   2.50774742524859        142.100145910561     
   2.51837347366024        140.398121608544     
   2.52899952207189        138.723928976537     
   2.53962557048353        137.078833945802     
   2.55025161889518        135.464001427136     
   2.56087766730683        133.880493481800     
   2.57150371571847        132.329267781216     
   2.58212976413012        130.811176361552     
   2.59275581254177        129.326964677822     
   2.60338186095341        127.877270961248     
   2.61400790936506        126.462625882254     
   2.62463395777671        125.083452520257     
   2.63526000618835        123.740066640532     
   2.64588605460000        122.432677276895     
