  1.000000000000000E-010   4556.00037994702     
  1.062604851164659E-002   4554.62753825245     
  2.125209692329317E-002   4550.51125307600     
  3.187814533493976E-002   4543.65823841750     
  4.250419374658634E-002   4534.07966574121     
  5.313024215823293E-002   4521.79113623561     
  6.375629056987951E-002   4506.81264210346     
  7.438233898152610E-002   4489.16851701010     
  8.500838739317268E-002   4468.88737584804     
  9.563443580481927E-002   4446.00204401619     
  0.106260484216466        4420.54947644266     
  0.116886532628112        4392.57066661297     
  0.127512581039759        4362.11054589769     
  0.138138629451406        4329.21787350510     
  0.148764677863052        4293.94511741336     
  0.159390726274699        4256.34832666139     
  0.170016774686345        4216.48699541207     
  0.180642823097992        4174.42391921552     
  0.191268871509639        4130.22504393309     
  0.201894919921285        4083.95930779897     
  0.212520968332932        4035.69847711561     
  0.223147016744578        3985.51697609954     
  0.233773065156225        3933.49171140820     
  0.244399113567872        3879.70189189142     
  0.255025161979518        3824.22884412427     
  0.265651210391165        3767.15582428626     
  0.276277258802811        3708.56782696011     
  0.286903307214458        3648.55139142737     
  0.297529355626104        3587.19440604266     
  0.308155404037751        3524.58591126860     
  0.318781452449398        3460.81590195076     
  0.329407500861044        3395.97512941354     
  0.340033549272691        3330.15490394431     
  0.350659597684337        3263.44689823644     
  0.361285646095984        3195.94295234177     
  0.371911694507631        3127.73488068029     
  0.382537742919277        3058.91428163736     
  0.393163791330924        2989.57235026399     
  0.403789839742570        2919.79969458283     
  0.414415888154217        2849.68615597800     
  0.425041936565863        2779.32063413549     
  0.435667984977510        2708.79091697059     
  0.446294033389157        2638.18351596563     
  0.456920081800803        2567.58350730949     
  0.467546130212450        2497.07437921222     
  0.478172178624096        2426.73788573728     
  0.488798227035743        2356.65390747180     
  0.499424275447390        2286.90031932341     
  0.510050323859036        2217.55286570921     
  0.520676372270683        2148.68504336857     
  0.531302420682329        2080.36799200759     
  0.541928469093976        2012.67039295104     
  0.552554517505622        1945.65837594703     
  0.563180565917269        1879.39543424601     
  0.573806614328916        1813.94234803806     
  0.584432662740562        1749.35711631175     
  0.595058711152209        1685.69489716295     
  0.605684759563855        1623.00795655585     
  0.616310807975502        1561.34562551259     
  0.626936856387149        1500.75426567614     
  0.637562904798795        1441.27724316890     
  0.648188953210442        1382.95491064107     
  0.658815001622088        1325.82459737980     
  0.669441050033735        1269.92060732429     
  0.680067098445381        1215.27422481200     
  0.690693146857028        1161.91372785630     
  0.701319195268675        1109.86440873800     
  0.711945243680321        1059.14860167247     
  0.722571292091968        1009.78571729724     
  0.733197340503615        961.792283706548     
  0.743823388915261        915.181993746678     
  0.754449437326908        869.965758269276     
  0.765075485738554        826.151765029905     
  0.775701534150201        783.745542906008     
  0.786327582561847        742.750031101043     
  0.796953630973494        703.165652991196     
  0.807579679385141        664.990394266498     
  0.818205727796787        628.219885012020     
  0.828831776208434        592.847485371015     
  0.839457824620080        558.864374429995     
  0.850083873031727        526.259641964715     
  0.860709921443374        495.020382686437     
  0.871335969855020        465.131792629401     
  0.881962018266667        436.577267323612     
  0.892588066678313        409.338501402160     
  0.903214115089960        383.395589295613     
  0.913840163501606        358.727126675502     
  0.924466211913253        335.310312314077     
  0.935092260324900        313.121050037689     
  0.945718308736546        292.134050460281     
  0.956344357148193        272.322932194214     
  0.966970405559839        253.660322246746     
  0.977596453971486        236.117955322734     
  0.988222502383133        219.666771767344     
  0.998848550794779        204.277013895083     
   1.00947459920643        189.918320466349     
   1.02010064761807        176.559819086434     
   1.03072669602972        164.170216317107     
   1.04135274444137        152.717885305967     
   1.05197879285301        142.170950754105     
   1.06260484126466        132.497371058033     
   1.07323088967631        123.665017478036     
   1.08385693808795        115.641750200129     
   1.09448298649960        108.395491175099     
   1.10510903491124        101.894293633557     
   1.11573508332289        96.1064081911212     
   1.12636113173454        91.0003454736248     
   1.13698718014618        86.5449352070316     
   1.14761322855783        82.7093817311128     
   1.15823927696948        79.4633159111786     
   1.16886532538112        76.7768434348302     
   1.17949137379277        74.6205894955972     
   1.19011742220442        72.9657398768908     
   1.20074347061606        71.7840784635139     
   1.21136951902771        71.0480212186383     
   1.22199556743936        70.7306466763511     
   1.23262161585100        70.8057230102058     
   1.24324766426265        71.2477317480760     
   1.25387371267430        72.0318882132936     
   1.26449976108594        73.1341587806421     
   1.27512580949759        74.5312750436931     
   1.28575185790924        76.2007449973017     
   1.29637790632088        78.1208613458039     
   1.30700395473253        80.2707070532241     
   1.31763000314418        82.6301582570412     
   1.32825605155582        85.1798846714508     
   1.33888209996747        87.9013476101651     
   1.34950814837912        90.7767957614124     
   1.36013419679076        93.7892588507541     
   1.37076024520241        96.9225393287335     
   1.38138629361406        100.161202221758     
   1.39201234202570        103.490563284949     
   1.40263839043735        106.896675595924     
   1.41326443884900        110.366314727479     
   1.42389048726064        113.886962636107     
   1.43451653567229        117.446790401777     
   1.44514258408394        121.034639951813     
   1.45576863249558        124.640004899268     
   1.46639468090723        128.253010623216     
   1.47702072931888        131.864393714434     
   1.48764677773052        135.465480906582     
   1.49827282614217        139.048167608559     
   1.50889887455382        142.604896148843     
   1.51952492296546        146.128633838535     
   1.53015097137711        149.612850954274     
   1.54077701978876        153.051498736860     
   1.55140306820040        156.438987496529     
   1.56202911661205        159.770164909577     
   1.57265516502369        163.040294586014     
   1.58328121343534        166.245034981412     
   1.59390726184699        169.380418721109     
   1.60453331025863        172.442832398256     
   1.61515935867028        175.428996901970     
   1.62578540708193        178.335948325581     
   1.63641145549357        181.161019499599     
   1.64703750390522        183.901822187853     
   1.65766355231687        186.556229980019     
   1.66828960072851        189.122361908190     
   1.67891564914016        191.598566809585     
   1.68954169755181        193.983408452711     
   1.70016774596345        196.275651438816     
   1.71079379437510        198.474247886168     
   1.72141984278675        200.578324899528     
   1.73204589119839        202.587172823355     
   1.74267193961004        204.500234272744     
   1.75329798802169        206.317093932289     
   1.76392403643333        208.037469109454     
   1.77455008484498        209.661201025625     
   1.78517613325663        211.188246824623     
   1.79580218166827        212.618672276081     
   1.80642823007992        213.952645147824     
   1.81705427849157        215.190429219626     
   1.82768032690321        216.332378908151     
   1.83830637531486        217.378934471383     
   1.84893242372651        218.330617759287     
   1.85955847213815        219.188028475773     
   1.87018452054980        219.951840916496     
   1.88081056896145        220.622801145896     
   1.89143661737309        221.201724576344     
   1.90206266578474        221.689493912207     
   1.91268871419639        222.087057421112     
   1.92331476260803        222.395427495249     
   1.93394081101968        222.615679465543     
   1.94456685943133        222.748950632317     
   1.95519290784297        222.796439476475     
   1.96581895625462        222.759405016483     
   1.97644500466627        222.639166277124     
   1.98707105307791        222.437101837430     
   1.99769710148956        222.154649426409     
   2.00832314990121        221.793305536684     
   2.01894919831285        221.354625027829     
   2.02957524672450        220.840220692493     
   2.04020129513614        220.251762760826     
   2.05082734354779        219.590978319745     
   2.06145339195944        218.859650626179     
   2.07207944037108        218.059618294912     
   2.08270548878273        217.192774343947     
   2.09333153719438        216.261065081956     
   2.10395758560602        215.266488824877     
   2.11458363401767        214.211094430344     
   2.12520968242932        213.096979640749     
   2.13583573084096        211.926289228002     
   2.14646177925261        210.701212934664     
   2.15708782766426        209.423983208282     
   2.16771387607590        208.096872727592     
   2.17833992448755        206.722191721124     
   2.18896597289920        205.302285080548     
   2.19959202131084        203.839529272647     
   2.21021806972249        202.336329055682     
   2.22084411813414        200.795114007305     
   2.23147016654578        199.218334872734     
   2.24209621495743        197.608459743106     
   2.25272226336908        195.967970075598     
   2.26334831178072        194.299356567496     
   2.27397436019237        192.605114898133     
   2.28460040860402        190.887741353086     
   2.29522645701566        189.149728346081     
   2.30585250542731        187.393559854952     
   2.31647855383896        185.621706788304     
   2.32710460225060        183.836622300541     
   2.33773065066225        182.040737072888     
   2.34835669907390        180.236454578743     
   2.35898274748554        178.426146351644     
   2.36960879589719        176.612147274484     
   2.38023484430884        174.796750908483     
   2.39086089272048        172.982204880263     
   2.40148694113213        171.170706345531     
   2.41211298954378        169.364397547186     
   2.42273903795542        167.565361485649     
   2.43336508636707        165.775617718438     
   2.44399113477871        163.997118305883     
   2.45461718319036        162.231743918874     
   2.46524323160201        160.481300124208     
   2.47586928001365        158.747513861913     
   2.48649532842530        157.032030128760     
   2.49712137683695        155.336408880619     
   2.50774742524859        153.662122165866     
   2.51837347366024        152.010551500997     
   2.52899952207189        150.382985498390     
   2.53962557048353        148.780617755440     
   2.55025161889518        147.204545012927     
   2.56087766730683        145.655765589628     
   2.57150371571847        144.135178098871     
   2.58212976413012        142.643580451729     
   2.59275581254177        141.181669150444     
   2.60338186095341        139.750038874347     
   2.61400790936506        138.349182359647     
   2.62463395777671        136.979490573168     
   2.63526000618835        135.641253179061     
   2.64588605460000        134.334659296386     
