  1.000000000000000E-010   4692.00039126315     
  1.062604851164659E-002   4690.57338559919     
  2.125209692329317E-002   4686.29471588853     
  3.187814533493976E-002   4679.17141792700     
  4.250419374658634E-002   4669.21519843655     
  5.313024215823293E-002   4656.44240572590     
  6.375629056987951E-002   4640.87398875198     
  7.438233898152610E-002   4622.53544471599     
  8.500838739317268E-002   4601.45675536728     
  9.563443580481927E-002   4577.67231222433     
  0.106260484216466        4551.22083095942     
  0.116886532628112        4522.14525522463     
  0.127512581039759        4490.49265023950     
  0.138138629451406        4456.31408647990     
  0.148764677863052        4419.66451385623     
  0.159390726274699        4380.60262677908     
  0.170016774686345        4339.19072055846     
  0.180642823097992        4295.49453959182     
  0.191268871509639        4249.58311783377     
  0.201894919921285        4201.52861205592     
  0.212520968332932        4151.40612842521     
  0.223147016744578        4099.29354295594     
  0.233773065156225        4045.27131639353     
  0.244399113567872        3989.42230411905     
  0.255025161979518        3931.83156165755     
  0.265651210391165        3872.58614639956     
  0.276277258802811        3811.77491614111     
  0.286903307214458        3749.48832505564     
  0.297529355626104        3685.81821772076     
  0.308155404037751        3620.85762181022     
  0.318781452449398        3554.70054007415     
  0.329407500861044        3487.44174221480     
  0.340033549272691        3419.17655726785     
  0.350659597684337        3350.00066708366     
  0.361285646095984        3280.00990149913     
  0.371911694507631        3209.30003577339     
  0.382537742919277        3137.96659084927     
  0.393163791330924        3066.10463698320     
  0.403789839742570        2993.80860127203     
  0.414415888154217        2921.17207958291     
  0.425041936565863        2848.28765337134     
  0.435667984977510        2775.24671185013     
  0.446294033389157        2702.13927994728     
  0.456920081800803        2629.05385246728     
  0.467546130212450        2556.07723483994     
  0.478172178624096        2483.29439081778     
  0.488798227035743        2410.78829745003     
  0.499424275447390        2338.63980763645     
  0.510050323859036        2266.92752052997     
  0.520676372270683        2195.72766003017     
  0.531302420682329        2125.11396157724     
  0.541928469093976        2055.15756742419     
  0.552554517505622        1985.92693053642     
  0.563180565917269        1917.48772723420     
  0.573806614328916        1849.90277866283     
  0.584432662740562        1783.23198114710     
  0.595058711152209        1717.53224545239     
  0.605684759563855        1652.85744494694     
  0.616310807975502        1589.25837263116     
  0.626936856387149        1526.78270696951     
  0.637562904798795        1465.47498643299     
  0.648188953210442        1405.37659263482     
  0.658815001622088        1346.52574191388     
  0.669441050033735        1288.95748519698     
  0.680067098445381        1232.70371594629     
  0.690693146857028        1177.79318597739     
  0.701319195268675        1124.25152890948     
  0.711945243680321        1072.10129099236     
  0.722571292091968        1021.36196903373     
  0.733197340503615        972.050055135170     
  0.743823388915261        924.179087928458     
  0.754449437326908        877.759709989755     
  0.765075485738554        832.799731097449     
  0.775701534150201        789.304196987472     
  0.786327582561847        747.275463251182     
  0.796953630973494        706.713274011829     
  0.807579679385141        667.614845010451     
  0.818205727796787        629.974950726625     
  0.828831776208434        593.786015155660     
  0.839457824620080        559.038205862763     
  0.850083873031727        525.719530933552     
  0.860709921443374        493.815938441973     
  0.871335969855020        463.311418058097     
  0.881962018266667        434.188104422782     
  0.892588066678313        406.426381921606     
  0.903214115089960        380.004990494617     
  0.913840163501606        354.901132128444     
  0.924466211913253        331.090577684174     
  0.935092260324900        308.547773724262     
  0.945718308736546        287.245949012718     
  0.956344357148193        267.157220373645     
  0.966970405559839        248.252697606082     
  0.977596453971486        230.502587165549     
  0.988222502383133        213.876294337028     
  0.998848550794779        198.342523637765     
   1.00947459920643        183.869377203980     
   1.02010064761807        170.424450930179     
   1.03072669602972        157.974928145821     
   1.04135274444137        146.487670630154     
   1.05197879285301        135.929306782193     
   1.06260484126466        126.266316779258     
   1.07323088967631        117.465114574056     
   1.08385693808795        109.492126596681     
   1.09448298649960        102.313867044655     
   1.10510903491124        95.8970096601236     
   1.11573508332289        90.2084559099130     
   1.12636113173454        85.2153994996937     
   1.13698718014618        80.8853871694999     
   1.14761322855783        77.1863757329906     
   1.15823927696948        74.0867853374869     
   1.16886532538112        71.5555489369321     
   1.17949137379277        69.5621579831298     
   1.19011742220442        68.0767043543332     
   1.20074347061606        67.0699185533195     
   1.21136951902771        66.5132042189455     
   1.22199556743936        66.3786690070193     
   1.23262161585100        66.6391519070631     
   1.24324766426265        67.2682470720755     
   1.25387371267430        68.2403242476535     
   1.26449976108594        69.5305458959531     
   1.27512580949759        71.1148811177951     
   1.28575185790924        72.9701164838963     
   1.29637790632088        75.0738638926116     
   1.30700395473253        77.4045655775057     
   1.31763000314418        79.9414963936419     
   1.32825605155582        82.6647635150052     
   1.33888209996747        85.5553036803678     
   1.34950814837912        88.5948781269108     
   1.36013419679076        91.7660653538827     
   1.37076024520241        95.0522518597754     
   1.38138629361406        98.4376209978276     
   1.39201234202570        101.907140094864     
   1.40263839043735        105.446545978072     
   1.41326443884900        109.042329053825     
   1.42389048726064        112.681716080711     
   1.43451653567229        116.352651777620     
   1.44514258408394        120.043779404751     
   1.45576863249558        123.744420452695     
   1.46639468090723        127.444553571562     
   1.47702072931888        131.134792867796     
   1.48764677773052        134.806365693017     
   1.49827282614217        138.451090043910     
   1.50889887455382        142.061351687896     
   1.51952492296546        145.630081124082     
   1.53015097137711        149.150730483773     
   1.54077701978876        152.617250469034     
   1.55140306820040        156.024067422712     
   1.56202911661205        159.366060616605     
   1.57265516502369        162.638539839436     
   1.58328121343534        165.837223359601     
   1.59390726184699        168.958216332043     
   1.60453331025863        171.997989712140     
   1.61515935867028        174.953359733794     
   1.62578540708193        177.821468002421     
   1.63641145549357        180.599762248240     
   1.64703750390522        183.285977778469     
   1.65766355231687        185.878119662085     
   1.66828960072851        188.374445674674     
   1.67891564914016        190.773450025438     
   1.68954169755181        193.073847883511     
   1.70016774596345        195.274560714689     
   1.71079379437510        197.374702435972     
   1.72141984278675        199.373566389366     
   1.73204589119839        201.270613132876     
   1.74267193961004        203.065459041595     
   1.75329798802169        204.757865708461     
   1.76392403643333        206.347730129920     
   1.77455008484498        207.835075658726     
   1.78517613325663        209.220043702448     
   1.79580218166827        210.502886143740     
   1.80642823007992        211.683958455493     
   1.81705427849157        212.763713481559     
   1.82768032690321        213.742695851816     
   1.83830637531486        214.621536998483     
   1.84893242372651        215.400950738610     
   1.85955847213815        216.081729387039     
   1.87018452054980        216.664740362495     
   1.88081056896145        217.150923248943     
   1.89143661737309        217.541287273720     
   1.90206266578474        217.836909163776     
   1.91268871419639        218.038931341022     
   1.92331476260803        218.148560418083     
   1.93394081101968        218.167065956298     
   1.94456685943133        218.095779447880     
   1.95519290784297        217.936093485405     
   1.96581895625462        217.689461082275     
   1.97644500466627        217.357395109409     
   1.98707105307791        216.941467813975     
   1.99769710148956        216.443310388054     
   2.00832314990121        215.864612556090     
   2.01894919831285        215.207122151974     
   2.02957524672450        214.472644658104     
   2.04020129513614        213.663042680681     
   2.05082734354779        212.780235337342     
   2.06145339195944        211.826197535329     
   2.07207944037108        210.802959120129     
   2.08270548878273        209.712603876791     
   2.09333153719438        208.557268368199     
   2.10395758560602        207.339140596486     
   2.11458363401767        206.060458475965     
   2.12520968242932        204.723508108203     
   2.13583573084096        203.330621851598     
   2.14646177925261        201.884176180117     
   2.15708782766426        200.386589327781     
   2.16771387607590        198.840318717371     
   2.17833992448755        197.247858173912     
   2.18896597289920        195.611734924974     
   2.19959202131084        193.934506392196     
   2.21021806972249        192.218756779327     
   2.22084411813414        190.467093464560     
   2.23147016654578        188.682143205725     
   2.24209621495743        186.866548168755     
   2.25272226336908        185.022961791122     
   2.26334831178072        183.154044492895     
   2.27397436019237        181.262459249701     
   2.28460040860402        179.350867042320     
   2.29522645701566        177.421922198996     
   2.30585250542731        175.478267647175     
   2.31647855383896        173.522530091979     
   2.32710460225060        171.557315139487     
   2.33773065066225        169.585202383353     
   2.34835669907390        167.608740473318     
   2.35898274748554        165.630442184987     
   2.36960879589719        163.652779509843     
   2.38023484430884        161.678178784879     
   2.39086089272048        159.709015880902     
   2.40148694113213        157.747611468630     
   2.41211298954378        155.796226381206     
   2.42273903795542        153.857057091623     
   2.43336508636707        151.932231322906     
   2.44399113477871        150.023803808589     
   2.45461718319036        148.133752220067     
   2.46524323160201        146.263973277238     
   2.47586928001365        144.416279057509     
   2.48649532842530        142.592393517940     
   2.49712137683695        140.793949244062     
   2.50774742524859        139.022484438080     
   2.51837347366024        137.279440158373     
   2.52899952207189        135.566157820729     
   2.53962557048353        133.883876971318     
   2.55025161889518        132.233733339619     
   2.56087766730683        130.616757178996     
   2.57150371571847        129.033871901087     
   2.58212976413012        127.485893009116     
   2.59275581254177        125.973527334157     
   2.60338186095341        124.497372577063     
   2.61400790936506        123.057917157791     
   2.62463395777671        121.655540372295     
   2.63526000618835        120.290512856616     
   2.64588605460000        118.962997355997     
